50   41   34   29   26   25   26   29   34   41
41   32   25   20   17   16   17   20   25   32
34   25   18   13   10   9   10   13   18   25
29   20   13   8   5   4   5   8   13   20
26   17   10   5   2   1   2   5   10   17
25   16   9   4   1   0   1   4   9   16
26   17   10   5   2   1   2   5   10   17
29   20   13   8   5   4   5   8   13   20
34   25   18   13   10   9   10   13   18   25
41   32   25   20   17   16   17   20   25   32
